**** Calibrating ****
mono pinhole calibration...
D = [-0.6122594178739337, 0.5156483567840774, 0.006810292761800659, -0.005239067842514273, 0.0]
K = [605.9572407590248, 0.0, 346.84908068826934, 0.0, 603.4082043457225, 186.99746183579606, 0.0, 0.0, 1.0]
R = [1.0, 0.0, 0.0, 0.0, 1.0, 0.0, 0.0, 0.0, 1.0]
P = [508.9840393066406, 0.0, 347.8129522770396, 0.0, 0.0, 566.9459228515625, 188.70820908329915, 0.0, 0.0, 0.0, 1.0, 0.0]
None
# oST version 5.0 parameters


[image]

width
640

height
360

[narrow_stereo]

camera matrix
605.957241 0.000000 346.849081
0.000000 603.408204 186.997462
0.000000 0.000000 1.000000

distortion
-0.612259 0.515648 0.006810 -0.005239 0.000000

rectification
1.000000 0.000000 0.000000
0.000000 1.000000 0.000000
0.000000 0.000000 1.000000

projection
508.984039 0.000000 347.812952 0.000000
0.000000 566.945923 188.708209 0.000000
0.000000 0.000000 1.000000 0.000000
